[0.0016 0.0016 0.0021 0.0021 0.0016 0.0021 0.0021 0.0016 0.0016 0.0021],[0.0115 0.011  0.0115 0.011  0.0115 0.0115 0.0115 0.0115 0.0104 0.0104],[0.0214 0.0214 0.0219 0.0225 0.0214 0.0214 0.0219 0.0219 0.0219 0.0219],[0.0303 0.0303 0.0308 0.0298 0.0303 0.0308 0.0308 0.0308 0.0303 0.0303],[0.0407 0.0413 0.0407 0.0413 0.0413 0.0413 0.0413 0.0407 0.0413 0.0413],[0.0512 0.0501 0.0501 0.0501 0.0507 0.0496 0.0501 0.0507 0.0496 0.0501],[0.0622 0.0622 0.0622 0.0627 0.0627 0.0627 0.0627 0.0632 0.0627 0.0622],[0.0705 0.071  0.071  0.071  0.0705 0.0716 0.0716 0.071  0.0716 0.0716],[0.081  0.081  0.0815 0.0815 0.0815 0.082  0.0815 0.081  0.0815 0.082 ],[0.0898 0.0898 0.0904 0.0904 0.0904 0.0904 0.0898 0.0904 0.0904 0.0904],[0.1013 0.1013 0.1013 0.1013 0.1013 0.1013 0.1024 0.1019 0.1008 0.1024],[0.1107 0.1107 0.1107 0.1107 0.1107 0.1107 0.1102 0.1107 0.1102 0.1097],[0.1212 0.1212 0.1212 0.1207 0.1207 0.1207 0.1212 0.1212 0.1212 0.1212],[0.1301 0.1301 0.1295 0.1295 0.1295 0.1295 0.1295 0.1301 0.1301 0.1301],[0.1416 0.1416 0.1416 0.1421 0.1416 0.1421 0.1421 0.1416 0.1421 0.1416],[0.1531 0.1525 0.1525 0.152  0.1531 0.1531 0.1525 0.1531 0.152  0.1525],[0.1614 0.1614 0.1619 0.1614 0.1614 0.1614 0.1614 0.1614 0.1609 0.1614],[0.1729 0.1724 0.1729 0.1724 0.1724 0.1724 0.1729 0.1724 0.1724 0.1729],[0.1818 0.1813 0.1813 0.1813 0.1813 0.1813 0.1813 0.1807 0.1813 0.1818],[0.1922 0.1917 0.1917 0.1922 0.1917 0.1917 0.1928 0.1922 0.1917 0.1922],[0.2011 0.2011 0.2006 0.2011 0.2006 0.2011 0.2006 0.2011 0.2006 0.2011],[0.2126 0.2131 0.2126 0.2126 0.2131 0.2126 0.2131 0.2126 0.2126 0.2136],[0.222  0.2215 0.222  0.222  0.222  0.2215 0.222  0.222  0.2215 0.222 ],[0.2319 0.2325 0.2319 0.2319 0.2319 0.2319 0.2319 0.2325 0.2325 0.2325],[0.2429 0.2429 0.2429 0.2429 0.2424 0.2429 0.2429 0.2429 0.2429 0.2424],[0.2466 0.2466 0.2471 0.2466 0.2471 0.2471 0.2471 0.2471 0.2471 0.2466],[0.2554 0.256  0.2554 0.256  0.2549 0.2554 0.256  0.2549 0.256  0.256 ],[0.268  0.268  0.2675 0.2675 0.2675 0.2675 0.2675 0.2675 0.2675 0.2675],[0.2763 0.2763 0.2763 0.2763 0.2769 0.2763 0.2769 0.2769 0.2763 0.2769],[0.2868 0.2868 0.2873 0.2873 0.2868 0.2868 0.2873 0.2868 0.2868 0.2868],[0.2983 0.2988 0.2983 0.2988 0.2983 0.2983 0.2983 0.2983 0.2983 0.2983],[0.3077 0.3077 0.3077 0.3072 0.3072 0.3072 0.3066 0.3066 0.3077 0.3072],[0.3176 0.3176 0.3171 0.3176 0.3176 0.3171 0.3176 0.3176 0.3171 0.3176],[0.326  0.326  0.326  0.326  0.3265 0.3265 0.326  0.3265 0.3265 0.3265],[0.338  0.3385 0.338  0.338  0.3385 0.338  0.338  0.338  0.338  0.3385],[0.3474 0.3469 0.3469 0.3474 0.3469 0.3474 0.3474 0.3474 0.3474 0.3474],[0.3578 0.3573 0.3578 0.3573 0.3578 0.3578 0.3578 0.3578 0.3578 0.3573],[0.3667 0.3667 0.3667 0.3662 0.3667 0.3667 0.3662 0.3667 0.3667 0.3662],[0.3777 0.3782 0.3782 0.3782 0.3777 0.3777 0.3782 0.3777 0.3777 0.3782],[0.3871 0.3871 0.3866 0.3871 0.3866 0.3866 0.3866 0.3866 0.3866 0.3866],[0.3975 0.3975 0.397  0.397  0.3975 0.397  0.397  0.3975 0.397  0.397 ],[0.4059 0.4064 0.4059 0.4059 0.4064 0.4059 0.4059 0.4059 0.4059 0.4064],[0.4179 0.4179 0.4184 0.4179 0.4184 0.4179 0.4179 0.4184 0.4179 0.4179],[0.4289 0.4289 0.4283 0.4283 0.4283 0.4283 0.4283 0.4289 0.4283 0.4289],[0.4372 0.4372 0.4377 0.4372 0.4377 0.4372 0.4372 0.4372 0.4372 0.4377],[0.4482 0.4487 0.4487 0.4492 0.4492 0.4487 0.4492 0.4492 0.4498 0.4492],[0.4576 0.4571 0.4571 0.4576 0.4571 0.4576 0.4576 0.4576 0.4571 0.4571],[0.468  0.4675 0.468  0.468  0.4675 0.468  0.468  0.468  0.468  0.4675],[0.4774 0.4769 0.4774 0.4769 0.4769 0.4769 0.4774 0.4769 0.4774 0.4769],[0.4889 0.4889 0.4895 0.4889 0.4889 0.4889 0.4895 0.4889 0.4889 0.4889],[0.4973 0.4973 0.4978 0.4978 0.4978 0.4973 0.4978 0.4978 0.4978 0.4978],[0.5088 0.5088 0.5088 0.5083 0.5083 0.5077 0.5083 0.5088 0.5088 0.5083],[0.5177 0.5171 0.5166 0.5166 0.5166 0.5171 0.5171 0.5171 0.5177 0.5171],[0.5281 0.5271 0.5271 0.5276 0.5281 0.5281 0.5271 0.5276 0.5276 0.5281],[0.537  0.536  0.5365 0.536  0.5365 0.5365 0.537  0.5365 0.5365 0.5365],[0.5474 0.5469 0.5469 0.5474 0.5474 0.548  0.5474 0.5469 0.5469 0.548 ],[0.5553 0.5558 0.5558 0.5558 0.5563 0.5563 0.5563 0.5563 0.5558 0.5558],[0.5673 0.5678 0.5678 0.5673 0.5678 0.5678 0.5678 0.5673 0.5678 0.5678],[0.5783 0.5783 0.5788 0.5788 0.5783 0.5788 0.5788 0.5783 0.5788 0.5783],[0.5877 0.5877 0.5871 0.5871 0.5877 0.5877 0.5871 0.5871 0.5871 0.5871],[0.5986 0.5986 0.5986 0.5986 0.5981 0.5986 0.5992 0.5986 0.5986 0.5986],[0.6075 0.6075 0.607  0.6075 0.607  0.6075 0.6075 0.6075 0.6075 0.607 ],[0.618  0.6185 0.618  0.618  0.618  0.618  0.618  0.618  0.618  0.618 ],[0.6268 0.6268 0.6263 0.6268 0.6268 0.6263 0.6268 0.6268 0.6268 0.6268],[0.6389 0.6383 0.6394 0.6383 0.6389 0.6389 0.6389 0.6389 0.6389 0.6389],[0.6477 0.6477 0.6477 0.6477 0.6477 0.6477 0.6477 0.6477 0.6477 0.6483],[0.6582 0.6582 0.6582 0.6582 0.6582 0.6582 0.6582 0.6582 0.6582 0.6582],[0.6665 0.6671 0.6671 0.6665 0.6665 0.6671 0.6665 0.6671 0.6671 0.6665],[0.678  0.678  0.6786 0.6786 0.6786 0.6786 0.678  0.678  0.678  0.678 ],[0.6874 0.6874 0.6874 0.6869 0.6869 0.6869 0.6869 0.6874 0.6869 0.6869],[0.6979 0.6979 0.6974 0.6974 0.6974 0.6974 0.6979 0.6979 0.6974 0.6979],[0.7094 0.7094 0.7094 0.7099 0.7099 0.7099 0.7094 0.7099 0.7099 0.7094],[0.7183 0.7188 0.7183 0.7188 0.7183 0.7188 0.7183 0.7183 0.7183 0.7183],[0.7287 0.7287 0.7292 0.7287 0.7287 0.7292 0.7292 0.7287 0.7292 0.7292],[0.7376 0.7376 0.7371 0.7376 0.7376 0.7376 0.7371 0.7376 0.7381 0.7376],[0.7491 0.7486 0.7491 0.7491 0.7491 0.7491 0.7491 0.7486 0.7486 0.7491],[0.758  0.7585 0.758  0.758  0.758  0.758  0.758  0.7585 0.758  0.758 ],[0.7684 0.7684 0.7684 0.7684 0.7684 0.7679 0.7684 0.7679 0.7684 0.7684],[0.7778 0.7773 0.7773 0.7773 0.7773 0.7773 0.7778 0.7773 0.7773 0.7773],[0.7893 0.7893 0.7893 0.7893 0.7893 0.7888 0.7893 0.7893 0.7888 0.7888],[0.7977 0.7982 0.7982 0.7982 0.7982 0.7982 0.7987 0.7982 0.7982 0.7982],[0.8065 0.8065 0.8065 0.8065 0.8071 0.8065 0.8065 0.8065 0.8071 0.8071],[0.8159 0.8154 0.8159 0.8154 0.8159 0.8154 0.8154 0.8159 0.8154 0.8154],[0.8269 0.8274 0.8269 0.8269 0.8269 0.8269 0.8274 0.8274 0.8269 0.8274],[0.8358 0.8358 0.8358 0.8358 0.8358 0.8363 0.8358 0.8358 0.8363 0.8358],[0.8468 0.8468 0.8468 0.8462 0.8462 0.8462 0.8462 0.8468 0.8468 0.8468],[0.8583 0.8588 0.8588 0.8588 0.8588 0.8583 0.8583 0.8583 0.8583 0.8588],[0.8671 0.8671 0.8677 0.8677 0.8677 0.8677 0.8677 0.8671 0.8677 0.8677],[0.8771 0.8776 0.8776 0.8771 0.8776 0.8781 0.8781 0.8776 0.8776 0.8776],[0.8859 0.8865 0.8865 0.8865 0.8865 0.8859 0.8865 0.8865 0.8859 0.8859],[0.898  0.8985 0.898  0.8974 0.898  0.898  0.8974 0.898  0.8974 0.8974],[0.9068 0.9063 0.9063 0.9063 0.9063 0.9068 0.9063 0.9068 0.9068 0.9068],[0.9168 0.9178 0.9173 0.9178 0.9178 0.9173 0.9173 0.9173 0.9173 0.9173],[0.9256 0.9256 0.9267 0.9262 0.9267 0.9262 0.9256 0.9267 0.9267 0.9256],[0.9382 0.9382 0.9382 0.9382 0.9377 0.9382 0.9387 0.9382 0.9382 0.9377],[0.9465 0.9471 0.9465 0.9465 0.9471 0.9471 0.9465 0.9471 0.9465 0.9465],[0.957  0.9575 0.9575 0.957  0.9575 0.957  0.958  0.957  0.957  0.957 ],[0.9669 0.9659 0.9664 0.9669 0.9664 0.9664 0.9664 0.9669 0.9664 0.9659],[0.9774 0.9774 0.9774 0.9779 0.9779 0.9774 0.9779 0.9779 0.9779 0.9779],[0.9883 0.9883 0.9888 0.9883 0.9883 0.9883 0.9888 0.9888 0.9888 0.9883],[0.9967 0.9972 0.9972 0.9977 0.9977 0.9967 0.9972 0.9972 0.9977 0.9967],[1.0097 1.0087 1.0092 1.0097 1.0092 1.0092 1.0092 1.0087 1.0087 1.0092],[1.0176 1.0176 1.0181 1.0176 1.0176 1.0176 1.0176 1.0171 1.0176 1.0176],[1.028  1.028  1.028  1.0285 1.0285 1.0285 1.0285 1.028  1.0285 1.0285],[1.0374 1.0364 1.0369 1.0369 1.0369 1.0369 1.0374 1.0374 1.0374 1.0374],[1.0484 1.0484 1.0484 1.0484 1.0484 1.0484 1.0484 1.0489 1.0484 1.0484],[1.0573 1.0578 1.0578 1.0578 1.0578 1.0573 1.0578 1.0578 1.0578 1.0578],[1.0677 1.0677 1.0682 1.0682 1.0682 1.0682 1.0677 1.0682 1.0682 1.0682],[1.0766 1.0766 1.0777 1.0771 1.0766 1.0771 1.0771 1.0771 1.0766 1.0771],[1.0876 1.0876 1.0881 1.0881 1.0876 1.0881 1.0876 1.0876 1.0876 1.0881],[1.0965 1.0965 1.0965 1.0965 1.097  1.0965 1.0965 1.0965 1.0965 1.0965],[1.1069 1.1074 1.1069 1.1074 1.1074 1.1074 1.1074 1.1074 1.1074 1.1074],[1.1163 1.1158 1.1163 1.1158 1.1158 1.1163 1.1158 1.1163 1.1163 1.1163],[1.1278 1.1273 1.1278 1.1278 1.1273 1.1273 1.1273 1.1273 1.1273 1.1273],[1.1382 1.1377 1.1382 1.1377 1.1382 1.1382 1.1377 1.1377 1.1377 1.1377],[1.1471 1.1471 1.1471 1.1466 1.1471 1.1471 1.1471 1.1471 1.1466 1.1466],[1.1586 1.1586 1.1586 1.1581 1.1586 1.1586 1.1581 1.1581 1.1586 1.1586],[1.1675 1.167  1.167  1.1675 1.1675 1.1675 1.167  1.1675 1.1675 1.167 ],[1.1779 1.1774 1.1779 1.1779 1.1774 1.1779 1.1779 1.1779 1.1774 1.1779],[1.1863 1.1868 1.1863 1.1863 1.1874 1.1868 1.1863 1.1863 1.1868 1.1863],[1.1978 1.1983 1.1983 1.1983 1.1983 1.1983 1.1978 1.1983 1.1983 1.1983],[1.2072 1.2072 1.2072 1.2072 1.2067 1.2067 1.2072 1.2077 1.2067 1.2067],[1.2176 1.2176 1.2176 1.2176 1.2171 1.2182 1.2182 1.2176 1.2176 1.2176],[1.226  1.2265 1.2265 1.2265 1.226  1.2265 1.2265 1.2265 1.2265 1.2265],[1.238  1.2385 1.2375 1.2385 1.238  1.238  1.238  1.2375 1.238  1.2385],[1.2474 1.2469 1.2469 1.2469 1.2474 1.2469 1.2474 1.2474 1.2474 1.2474],[1.2573 1.2573 1.2573 1.2573 1.2573 1.2579 1.2579 1.2573 1.2573 1.2579],[1.2694 1.2688 1.2688 1.2688 1.2688 1.2694 1.2688 1.2694 1.2688 1.2694],[1.2777 1.2777 1.2782 1.2782 1.2777 1.2777 1.2782 1.2777 1.2777 1.2777],[1.2882 1.2887 1.2882 1.2887 1.2882 1.2887 1.2887 1.2882 1.2887 1.2887],[1.297  1.2976 1.2976 1.2976 1.2976 1.297  1.2976 1.2976 1.2976 1.2976],[1.3085 1.3091 1.3085 1.3085 1.3091 1.3085 1.3091 1.3085 1.3091 1.3091],[1.3179 1.3179 1.3174 1.3179 1.3179 1.3179 1.3179 1.3185 1.3179 1.3185],[1.3289 1.3279 1.3279 1.3284 1.3284 1.3284 1.3284 1.3289 1.3284 1.3289],[1.3373 1.3378 1.3373 1.3373 1.3378 1.3378 1.3373 1.3378 1.3373 1.3373],[1.3488 1.3482 1.3488 1.3488 1.3482 1.3482 1.3488 1.3488 1.3482 1.3488],[1.3576 1.3576 1.3576 1.3576 1.3576 1.3576 1.3571 1.3571 1.3576 1.3576],[1.3681 1.3681 1.3681 1.3681 1.3681 1.3681 1.3686 1.3681 1.3686 1.3686],[1.3733 1.3733 1.3733 1.3728 1.3728 1.3728 1.3728 1.3728 1.3728 1.3733],[1.3838 1.3832 1.3838 1.3838 1.3838 1.3832 1.3832 1.3832 1.3832 1.3832],[1.3921 1.3926 1.3926 1.3932 1.3932 1.3926 1.3926 1.3926 1.3921 1.3926],[1.4041 1.4036 1.4036 1.4036 1.4036 1.4036 1.4036 1.4041 1.4041 1.4031],[1.4146 1.4146 1.4146 1.4146 1.4141 1.4146 1.4146 1.4146 1.4146 1.4141],[1.4235 1.4235 1.4235 1.4229 1.4229 1.4235 1.4235 1.4235 1.4229 1.4229],[1.4355 1.4355 1.4355 1.4355 1.435  1.435  1.4355 1.4355 1.4355 1.4355],[1.4444 1.4438 1.4438 1.4438 1.4438 1.4438 1.4438 1.4438 1.4438 1.4438],[1.4548 1.4543 1.4543 1.4543 1.4543 1.4538 1.4543 1.4543 1.4543 1.4538],[1.4632 1.4632 1.4626 1.4632 1.4637 1.4637 1.4637 1.4632 1.4637 1.4637],[1.4747 1.4747 1.4752 1.4747 1.4747 1.4747 1.4747 1.4747 1.4741 1.4741],[1.4835 1.4841 1.4835 1.4835 1.4835 1.4841 1.4835 1.4835 1.4835 1.4841],[1.494  1.4945 1.4945 1.494  1.494  1.4945 1.4945 1.4945 1.494  1.494 ],[1.5029 1.5029 1.5029 1.5029 1.5034 1.5029 1.5034 1.5034 1.5029 1.5034],[1.5144 1.5149 1.5149 1.5154 1.5149 1.5149 1.5149 1.5149 1.5149 1.5144],[1.5238 1.5232 1.5238 1.5238 1.5238 1.5232 1.5238 1.5232 1.5238 1.5232],[1.5347 1.5342 1.5342 1.5347 1.5337 1.5347 1.5342 1.5342 1.5342 1.5342],[1.5452 1.5457 1.5452 1.5457 1.5457 1.5452 1.5457 1.5452 1.5457 1.5457],[1.5546 1.5551 1.5546 1.5551 1.5541 1.5546 1.5546 1.5546 1.5546 1.5546],[1.565  1.565  1.565  1.5655 1.5645 1.565  1.5645 1.565  1.5645 1.565 ],[1.5739 1.5739 1.5739 1.5739 1.5739 1.5739 1.5739 1.5739 1.5739 1.5739],[1.5859 1.5854 1.5854 1.5854 1.5854 1.5854 1.5854 1.5854 1.5859 1.5854],[1.5943 1.5948 1.5943 1.5943 1.5938 1.5943 1.5943 1.5943 1.5943 1.5943],[1.6052 1.6052 1.6052 1.6047 1.6047 1.6047 1.6052 1.6047 1.6047 1.6052],[1.6136 1.6136 1.6136 1.6136 1.6136 1.6136 1.6136 1.6141 1.6136 1.6141],[1.6256 1.6251 1.6251 1.6256 1.6251 1.6256 1.6251 1.6251 1.6251 1.6256],[1.634  1.634  1.634  1.634  1.634  1.6345 1.634  1.6345 1.634  1.6335],[1.6444 1.6449 1.6449 1.6444 1.6444 1.6444 1.6449 1.6449 1.6444 1.6444],[1.6533 1.6533 1.6533 1.6538 1.6538 1.6533 1.6533 1.6533 1.6533 1.6533],[1.6643 1.6643 1.6643 1.6643 1.6648 1.6643 1.6643 1.6643 1.6643 1.6643],[1.6737 1.6732 1.6732 1.6732 1.6732 1.6732 1.6737 1.6732 1.6737 1.6732],[1.6831 1.6836 1.6836 1.6836 1.6841 1.6841 1.6836 1.6836 1.6836 1.6841],[1.6951 1.6951 1.6951 1.6951 1.6951 1.6951 1.6951 1.6951 1.6951 1.6956],[1.704  1.704  1.7045 1.704  1.704  1.704  1.704  1.7045 1.704  1.7035],[1.7144 1.7149 1.7149 1.7149 1.7149 1.7144 1.7149 1.7144 1.7144 1.7149],[1.7233 1.7238 1.7238 1.7233 1.7233 1.7233 1.7233 1.7238 1.7233 1.7238],[1.7348 1.7348 1.7353 1.7343 1.7348 1.7348 1.7348 1.7348 1.7348 1.7348],[1.7437 1.7437 1.7442 1.7442 1.7437 1.7437 1.7442 1.7437 1.7437 1.7442],[1.7546 1.7541 1.7552 1.7546 1.7541 1.7541 1.7541 1.7541 1.7541 1.7541],[1.763  1.763  1.7635 1.7635 1.763  1.7635 1.7635 1.7635 1.7635 1.764 ],[1.7745 1.7745 1.774  1.7745 1.7745 1.7745 1.775  1.7745 1.775  1.7745],[1.7829 1.7839 1.7839 1.7834 1.7839 1.7834 1.7834 1.7829 1.7839 1.7834],[1.7943 1.7938 1.7938 1.7938 1.7938 1.7938 1.7938 1.7933 1.7933 1.7938],[1.8022 1.8027 1.8022 1.8022 1.8022 1.8027 1.8027 1.8022 1.8027 1.8027],[1.8147 1.8142 1.8137 1.8142 1.8142 1.8142 1.8142 1.8142 1.8142 1.8147],[1.8241 1.8241 1.8241 1.8241 1.8241 1.8246 1.8246 1.8246 1.8252 1.8241],[1.8335 1.833  1.833  1.8335 1.833  1.8335 1.8335 1.8335 1.8335 1.833 ],[1.844  1.844  1.8445 1.8445 1.8445 1.844  1.8445 1.845  1.8445 1.844 ],[1.8534 1.8534 1.8529 1.8534 1.8539 1.8539 1.8534 1.8534 1.8534 1.8529],[1.8633 1.8638 1.8643 1.8638 1.8633 1.8633 1.8633 1.8633 1.8638 1.8628],[1.8717 1.8717 1.8722 1.8722 1.8722 1.8722 1.8722 1.8717 1.8717 1.8717],[1.8831 1.8831 1.8831 1.8831 1.8831 1.8826 1.8831 1.8831 1.8831 1.8831],[1.892  1.892  1.8915 1.8915 1.892  1.8915 1.8915 1.891  1.891  1.8915],[1.9014 1.9014 1.902  1.902  1.902  1.9014 1.902  1.9014 1.9025 1.9025],[1.9103 1.9103 1.9103 1.9103 1.9103 1.9108 1.9108 1.9103 1.9108 1.9108],[1.9218 1.9213 1.9218 1.9213 1.9208 1.9218 1.9218 1.9213 1.9218 1.9213],[1.9333 1.9338 1.9338 1.9333 1.9338 1.9338 1.9338 1.9333 1.9333 1.9333],[1.9437 1.9432 1.9437 1.9432 1.9437 1.9437 1.9432 1.9432 1.9432 1.9432],[1.9521 1.9521 1.9521 1.9521 1.9521 1.9521 1.9521 1.9516 1.9521 1.9521],[1.9625 1.9625 1.9631 1.9625 1.9625 1.9631 1.9625 1.9625 1.9625 1.9631],[1.9725 1.973  1.9725 1.9725 1.973  1.9725 1.973  1.9725 1.973  1.973 ],[1.9814 1.9808 1.9808 1.9808 1.9808 1.9814 1.9808 1.9808 1.9808 1.9814],[1.9923 1.9928 1.9923 1.9923 1.9928 1.9918 1.9923 1.9923 1.9923 1.9923],[2.0007 2.0002 2.0007 2.0002 2.0002 2.0007 2.0002 2.0002 2.0002 2.0002],[2.0101 2.0101 2.0096 2.0101 2.0101 2.0106 2.0106 2.0101 2.0106 2.0106],[2.0184 2.0184 2.0184 2.019  2.019  2.0184 2.019  2.019  2.019  2.0179],[2.0299 2.0289 2.0294 2.0294 2.0289 2.0294 2.0294 2.0294 2.0289 2.0294],[2.0378 2.0372 2.0378 2.0378 2.0372 2.0372 2.0378 2.0372 2.0378 2.0378],[2.0477 2.0472 2.0477 2.0472 2.0477 2.0472 2.0477 2.0477 2.0477 2.0477],[2.0555 2.0561 2.0561 2.0561 2.0561 2.0561 2.0561 2.0561 2.0555 2.0561],[2.067  2.067  2.067  2.0665 2.067  2.0665 2.067  2.0665 2.067  2.0665],[2.0749 2.0754 2.0749 2.0749 2.0749 2.0754 2.0749 2.0749 2.0754 2.0749],[2.0848 2.0848 2.0848 2.0848 2.0848 2.0853 2.0848 2.0848 2.0853 2.0848],[2.0958 2.0952 2.0958 2.0952 2.0952 2.0958 2.0952 2.0952 2.0952 2.0952],[2.1036 2.1041 2.1036 2.1041 2.1036 2.1041 2.1036 2.1036 2.1036 2.1036],[2.1135 2.1135 2.114  2.114  2.1135 2.1135 2.114  2.114  2.1135 2.1135],[2.1219 2.1219 2.1224 2.1219 2.1219 2.1219 2.1224 2.1219 2.1219 2.1219],[2.1328 2.1328 2.1328 2.1328 2.1328 2.1328 2.1328 2.1328 2.1328 2.1328],[2.1412 2.1412 2.1412 2.1407 2.1412 2.1412 2.1412 2.1412 2.1412 2.1407],[2.1506 2.1511 2.1511 2.1506 2.1506 2.1506 2.1511 2.1511 2.1511 2.1511],[2.1584 2.159  2.159  2.159  2.1584 2.159  2.1595 2.159  2.159  2.159 ],[2.1694 2.1699 2.1699 2.1694 2.1699 2.1699 2.1699 2.1699 2.1694 2.1699],[2.1783 2.1783 2.1778 2.1783 2.1778 2.1778 2.1778 2.1783 2.1783 2.1778],[2.1877 2.1877 2.1877 2.1877 2.1882 2.1877 2.1882 2.1882 2.1877 2.1877],[2.196  2.196  2.196  2.1966 2.1966 2.196  2.1966 2.196  2.1966 2.196 ],[2.206  2.206  2.2055 2.206  2.206  2.2065 2.2065 2.206  2.206  2.2065],[2.2143 2.2143 2.2143 2.2143 2.2149 2.2143 2.2143 2.2143 2.2143 2.2143],[2.2243 2.2237 2.2243 2.2243 2.2243 2.2243 2.2248 2.2243 2.2237 2.2248],[2.2352 2.2347 2.2352 2.2357 2.2352 2.2347 2.2352 2.2352 2.2347 2.2347],[2.2431 2.2436 2.2431 2.2425 2.2431 2.2431 2.2431 2.2431 2.2431 2.2436],[2.253  2.2535 2.2525 2.2525 2.253  2.253  2.253  2.253  2.253  2.253 ],[2.2608 2.2613 2.2613 2.2613 2.2613 2.2619 2.2613 2.2619 2.2619 2.2619],[2.2718 2.2718 2.2718 2.2723 2.2723 2.2728 2.2723 2.2723 2.2723 2.2723],[2.2796 2.2802 2.2802 2.2807 2.2802 2.2802 2.2802 2.2802 2.2802 2.2802],[2.2901 2.2901 2.2901 2.2901 2.2901 2.2896 2.2906 2.2901 2.2901 2.2896],[2.299  2.2984 2.2984 2.299  2.299  2.2984 2.299  2.2984 2.2984 2.2984],[2.3094 2.3089 2.3094 2.3094 2.3089 2.3089 2.3089 2.3094 2.3094 2.3089],[2.3172 2.3172 2.3172 2.3172 2.3172 2.3178 2.3178 2.3172 2.3172 2.3178],[2.3277 2.3277 2.3277 2.3272 2.3266 2.3272 2.3272 2.3266 2.3272 2.3272],[2.3355 2.336  2.3355 2.335  2.335  2.335  2.335  2.335  2.3355 2.336 ],[2.3465 2.346  2.346  2.347  2.346  2.347  2.346  2.3465 2.346  2.3465],[2.3564 2.3564 2.3564 2.3564 2.3564 2.3564 2.3564 2.3564 2.3559 2.3559],[2.3648 2.3653 2.3653 2.3648 2.3653 2.3648 2.3648 2.3648 2.3648 2.3648],[2.3752 2.3752 2.3752 2.3752 2.3752 2.3752 2.3752 2.3752 2.3752 2.3757],[2.3836 2.3836 2.3836 2.3836 2.3836 2.3836 2.3831 2.3836 2.3841 2.3836],[2.3935 2.3935 2.3935 2.3935 2.3935 2.3935 2.393  2.3935 2.393  2.3935],[2.4013 2.4013 2.4013 2.4013 2.4008 2.4013 2.4013 2.4013 2.4008 2.4013],[2.4123 2.4128 2.4123 2.4123 2.4123 2.4128 2.4123 2.4128 2.4123 2.4128],[2.4207 2.4207 2.4207 2.4207 2.4201 2.4207 2.4207 2.4201 2.4207 2.4201],[2.4306 2.4301 2.4301 2.4301 2.4306 2.4306 2.4306 2.4306 2.4301 2.4306],[2.4384 2.4384 2.439  2.4384 2.439  2.4384 2.439  2.439  2.439  2.439 ],[2.4489 2.4499 2.4494 2.4494 2.4494 2.4494 2.4494 2.4494 2.4494 2.4494],[2.4578 2.4572 2.4578 2.4578 2.4578 2.4572 2.4578 2.4572 2.4578 2.4578],[2.4635 2.464  2.4635 2.4635 2.4635 2.4635 2.4635 2.4635 2.4635 2.4635],[2.4713 2.4719 2.4713 2.4719 2.4719 2.4719 2.4719 2.4719 2.4713 2.4719],[2.4818 2.4818 2.4813 2.4818 2.4813 2.4813 2.4813 2.4813 2.4818 2.4818],[2.4917 2.4922 2.4928 2.4917 2.4917 2.4917 2.4922 2.4917 2.4917 2.4922],[2.5011 2.5006 2.5001 2.5006 2.5006 2.5001 2.5006 2.5006 2.5001 2.5006],[2.51   2.51   2.5105 2.51   2.5105 2.5105 2.51   2.5105 2.51   2.5105],[2.5184 2.5189 2.5184 2.5189 2.5184 2.5184 2.5189 2.5184 2.5189 2.5189],[2.5293 2.5293 2.5293 2.5293 2.5293 2.5293 2.5288 2.5293 2.5288 2.5293],[2.5372 2.5372 2.5372 2.5372 2.5377 2.5377 2.5377 2.5377 2.5377 2.5372],[2.5476 2.5476 2.5476 2.5471 2.5476 2.5476 2.5471 2.5476 2.5481 2.5476],[2.5554 2.5554 2.5554 2.5554 2.5554 2.556  2.5554 2.5554 2.556  2.556 ],[2.5659 2.5664 2.5664 2.5664 2.5664 2.5664 2.5664 2.5659 2.5664 2.5664],[2.5742 2.5748 2.5742 2.5742 2.5742 2.5742 2.5742 2.5742 2.5737 2.5748],[2.5842 2.5847 2.5842 2.5842 2.5842 2.5842 2.5842 2.5847 2.5847 2.5847],[2.5925 2.5931 2.592  2.5925 2.592  2.5931 2.5931 2.5925 2.5925 2.5925],[2.6035 2.6035 2.603  2.603  2.6035 2.6035 2.6035 2.6035 2.6035 2.603 ],[2.6134 2.6134 2.6134 2.6134 2.6129 2.6129 2.6129 2.6134 2.6134 2.6134],[2.6213 2.6213 2.6213 2.6218 2.6213 2.6218 2.6218 2.6213 2.6218 2.6218],[2.6322 2.6317 2.6322 2.6322 2.6328 2.6322 2.6322 2.6322 2.6322 2.6322],[2.6411 2.6406 2.6406 2.6401 2.6406 2.6406 2.6401 2.6406 2.6406 2.6406],[2.65   2.6505 2.65   2.6505 2.6505 2.6505 2.6505 2.6505 2.6505 2.65  ],[2.6583 2.6589 2.6583 2.6583 2.6589 2.6589 2.6583 2.6589 2.6583 2.6589],[2.6693 2.6693 2.6693 2.6698 2.6693 2.6688 2.6693 2.6688 2.6698 2.6698],[2.6782 2.6777 2.6777 2.6782 2.6777 2.6777 2.6782 2.6782 2.6782 2.6777],[2.6876 2.6871 2.6876 2.6876 2.6881 2.6876 2.6876 2.6871 2.6881 2.6876],[2.696  2.6954 2.696  2.696  2.696  2.696  2.696  2.696  2.696  2.696 ],[2.7064 2.7075 2.7064 2.7064 2.7064 2.7069 2.7064 2.7064 2.7064 2.7064],[2.7148 2.7148 2.7153 2.7148 2.7142 2.7148 2.7153 2.7148 2.7148 2.7148],[2.7247 2.7252 2.7252 2.7247 2.7247 2.7252 2.7252 2.7247 2.7252 2.7247],[2.7325 2.732  2.732  2.7325 2.732  2.732  2.732  2.7325 2.732  2.732 ],[2.743  2.743  2.743  2.743  2.7435 2.743  2.7435 2.743  2.7435 2.743 ],[2.7534 2.7534 2.7534 2.7529 2.7534 2.7529 2.7529 2.7534 2.7529 2.7529],[2.7613 2.7618 2.7618 2.7613 2.7613 2.7613 2.7613 2.7618 2.7623 2.7618],[2.7722 2.7722 2.7727 2.7722 2.7722 2.7722 2.7722 2.7717 2.7717 2.7717],[2.7806 2.7806 2.7811 2.7806 2.7801 2.7806 2.7806 2.7806 2.7806 2.7801],[2.79   2.7905 2.79   2.79   2.7905 2.7905 2.7905 2.79   2.79   2.7905],[2.7983 2.7978 2.7983 2.7983 2.7983 2.7978 2.7983 2.7983 2.7983 2.7983],[2.8098 2.8088 2.8098 2.8098 2.8098 2.8098 2.8098 2.8098 2.8098 2.8093],[2.8182 2.8177 2.8177 2.8182 2.8177 2.8182 2.8182 2.8177 2.8177 2.8177],[2.8281 2.8276 2.8276 2.8276 2.8281 2.8281 2.8276 2.8276 2.8276 2.8281],[2.8365 2.836  2.8365 2.8354 2.8365 2.836  2.8365 2.8365 2.836  2.836 ]
|[-2.1e-04 -1.5e-04 -1.0e-04 -5.0e-05 -1.5e-04 -1.5e-04 -2.1e-04 -5.0e-05
 -5.0e-05 -5.0e-05]|,|[-5.0e-05 -5.0e-05 -1.0e-04 -1.0e-04 -1.0e-04 -1.0e-04 -1.0e-04 -1.5e-04
 -1.5e-04 -1.5e-04]|,|[-1.5e-04 -1.0e-04 -1.5e-04 -1.0e-04 -1.0e-04 -5.0e-05 -1.0e-04 -2.1e-04
 -1.5e-04 -1.0e-04]|,|[-1.0e-04 -1.5e-04 -1.0e-04 -1.5e-04 -1.0e-04 -1.5e-04 -1.5e-04 -5.0e-05
 -1.0e-04 -1.0e-04]|,|[-1.0e-04 -1.0e-04 -1.0e-04 -2.1e-04 -2.1e-04 -1.0e-04 -1.0e-04 -1.0e-04
 -1.0e-04 -5.0e-05]|,|[ 0.0e+00 -1.5e-04 -2.1e-04  5.0e-05 -1.0e-04 -1.5e-04 -1.0e-04 -5.0e-05
 -2.1e-04 -1.0e-04]|,|[-1.0e-04 -1.0e-04 -1.0e-04 -1.5e-04 -1.0e-04 -1.5e-04 -5.0e-05 -1.5e-04
 -1.0e-04 -5.0e-05]|,|[-1.0e-04 -5.0e-05 -1.0e-04 -1.0e-04 -1.5e-04 -1.0e-04 -1.0e-04 -1.0e-04
 -5.0e-05 -2.1e-04]|,|[-0.0001  -0.0001  -0.0001  -0.0001  -0.00015 -0.0001  -0.0001  -0.0001
 -0.0001  -0.0001 ]|,|[-2.1e-04 -1.0e-04 -2.1e-04 -1.0e-04 -1.5e-04 -5.0e-05 -2.1e-04 -1.0e-04
 -1.0e-04 -1.0e-04]|,|[-1.0e-04 -5.0e-05 -2.1e-04 -5.0e-05 -2.1e-04 -1.0e-04 -5.0e-05 -2.1e-04
 -2.1e-04 -1.0e-04]|,|[-1.5e-04 -1.5e-04 -1.0e-04 -1.5e-04  0.0e+00 -5.0e-05 -1.5e-04 -1.0e-04
 -1.0e-04 -2.1e-04]|,|[-1.0e-04 -1.0e-04 -1.5e-04 -1.0e-04 -1.0e-04 -1.5e-04 -1.0e-04 -1.0e-04
 -5.0e-05 -1.0e-04]|,|[-1.5e-04 -5.0e-05 -5.0e-05 -1.0e-04 -1.0e-04 -5.0e-05 -1.0e-04 -5.0e-05
 -1.0e-04 -2.1e-04]|,|[-5.0e-05 -1.5e-04 -1.5e-04 -1.0e-04 -1.0e-04 -1.5e-04 -1.0e-04 -1.0e-04
 -1.0e-04 -2.1e-04]|,|[-0.0001  -0.00015 -0.00015 -0.00015 -0.00015 -0.00015 -0.0001  -0.0001
 -0.00015 -0.0001 ]|,|[-0.00015 -0.00021 -0.00015 -0.0001  -0.0001  -0.00021 -0.00015 -0.00021
 -0.0001  -0.0001 ]|,|[-0.0001  -0.0001  -0.0001  -0.00015  0.      -0.0001  -0.0001  -0.00021
 -0.0001  -0.0001 ]|,|[-0.00015 -0.0001  -0.00015 -0.00021 -0.00015 -0.00015 -0.0001  -0.00015
 -0.00015 -0.00015]|,|[-5.0e-05 -2.1e-04 -1.5e-04 -5.0e-05 -2.6e-04 -1.5e-04 -1.0e-04 -2.1e-04
 -1.0e-04 -2.1e-04]|,|[-0.00021 -0.00021 -0.0001  -0.00021 -0.00021 -0.00015 -0.00015 -0.00015
 -0.00015 -0.0001 ]|,|[-0.00015 -0.00021 -0.00021 -0.00015 -0.0001  -0.0001  -0.00021 -0.00021
 -0.00015 -0.00015]|,|[-0.0001  -0.00015 -0.0001  -0.0001  -0.00015 -0.0001  -0.0001  -0.0001
 -0.0001  -0.00036]|,|[-1.5e-04 -3.1e-04 -1.0e-04 -1.0e-04 -1.0e-04 -1.0e-04 -5.0e-05 -1.5e-04
 -1.0e-04 -2.1e-04]|,|[-1.5e-04 -2.1e-04 -1.0e-04 -2.1e-04 -1.5e-04 -5.0e-05 -1.5e-04 -1.5e-04
 -1.5e-04 -1.0e-04]|,|[-0.00031 -0.0001  -0.0001  -0.0001  -0.00015 -0.0001  -0.00015 -0.00015
 -0.0001  -0.00021]|,|[-0.00015 -0.00015 -0.0001  -0.00015 -0.00015 -0.00015 -0.00015 -0.0001
 -0.00015 -0.00021]|,|[-1.0e-04 -1.5e-04 -1.0e-04 -1.0e-04 -2.1e-04 -2.6e-04 -1.5e-04 -1.5e-04
 -1.0e-04 -5.0e-05]|,|[-0.0001  -0.00015 -0.00015 -0.0001  -0.00021 -0.00015 -0.0001  -0.0001
 -0.00015 -0.00021]|,|[-5.0e-05 -1.5e-04 -2.1e-04 -5.0e-05 -2.1e-04 -1.0e-04 -1.0e-04 -1.0e-04
 -1.5e-04 -1.0e-04]|,|[-1.0e-04 -1.5e-04 -1.0e-04 -1.5e-04 -2.1e-04 -1.0e-04 -2.1e-04 -5.0e-05
 -5.0e-05 -1.5e-04]|,|[-2.1e-04 -1.5e-04 -5.0e-05 -2.1e-04 -1.0e-04 -5.0e-05 -1.0e-04 -1.0e-04
 -1.0e-04 -1.5e-04]|,|[-1.5e-04 -1.0e-04 -2.1e-04 -1.5e-04 -1.5e-04 -2.1e-04 -5.0e-05 -1.0e-04
 -1.0e-04 -1.0e-04]|,|[-1.0e-04 -1.0e-04 -1.0e-04 -2.1e-04 -1.5e-04 -5.0e-05 -1.0e-04 -1.5e-04
  0.0e+00 -1.5e-04]|,|[-5.0e-05 -2.6e-04 -3.1e-04 -5.0e-05  0.0e+00 -1.5e-04 -1.0e-04 -1.0e-04
 -2.1e-04 -1.0e-04]|,|[-5.0e-05 -1.0e-04 -2.1e-04 -1.0e-04 -2.6e-04 -2.1e-04 -1.0e-04 -1.0e-04
 -1.5e-04 -2.6e-04]|,|[-1.0e-04 -1.5e-04 -1.5e-04 -2.1e-04 -1.0e-04 -1.5e-04 -1.5e-04 -1.5e-04
 -5.0e-05 -2.1e-04]|,|[-0.00015 -0.00015 -0.0001  -0.00015 -0.0001  -0.00015 -0.00021 -0.00021
 -0.00021 -0.0001 ]|,|[-1.5e-04 -1.5e-04 -5.0e-05 -1.5e-04 -5.0e-05 -5.0e-05 -1.0e-04 -1.0e-04
  1.0e-04 -1.0e-04]|,|[-5.0e-05 -2.1e-04 -1.0e-04 -5.0e-05 -1.5e-04 -2.1e-04 -1.5e-04 -1.5e-04
 -2.1e-04 -1.0e-04]|,|[-1.5e-04 -5.0e-05 -1.5e-04 -1.0e-04 -2.1e-04 -1.5e-04 -2.1e-04  0.0e+00
  0.0e+00 -2.1e-04]|,|[-0.00015 -0.00021 -0.00021 -0.0001  -0.00021 -0.00036 -0.0001  -0.00015
 -0.0001  -0.0001 ]|,|[-0.00021 -0.00015 -0.00015 -0.0001  -0.00015 -0.00015 -0.0001  -0.00015
 -0.00021 -0.00021]|,|[-1.0e-04 -1.5e-04 -2.1e-04 -5.0e-05 -1.5e-04 -1.5e-04 -1.0e-04 -1.5e-04
 -1.0e-04 -5.0e-05]|,|[-2.1e-04 -1.5e-04 -5.0e-05 -1.5e-04 -1.0e-04 -1.0e-04 -2.1e-04 -1.0e-04
 -2.1e-04 -2.1e-04]|,|[ 0.0e+00 -1.5e-04 -1.5e-04 -1.0e-04 -3.1e-04 -1.5e-04 -5.0e-05 -1.0e-04
 -1.0e-04 -1.0e-04]|,|[-1.0e-04 -2.1e-04 -5.0e-05 -1.0e-04 -2.1e-04 -1.5e-04 -1.0e-04 -1.5e-04
 -1.0e-04 -1.5e-04]|,|[-2.1e-04 -1.0e-04 -1.5e-04 -1.5e-04 -5.0e-05 -1.0e-04 -1.0e-04 -1.5e-04
 -5.0e-05 -1.5e-04]|,|[-0.00021 -0.00015 -0.0001  -0.00015 -0.00015 -0.00015 -0.00015 -0.00015
 -0.00015 -0.00015]|,|[-1.0e-04 -2.6e-04 -1.5e-04 -2.1e-04 -5.0e-05 -1.5e-04 -5.0e-05 -1.0e-04
 -1.0e-04 -1.0e-04]|,|[-2.1e-04 -1.0e-04 -1.0e-04 -2.1e-04 -5.0e-05 -1.5e-04 -2.1e-04 -2.1e-04
 -5.0e-05 -1.0e-04]|,|[-0.00015 -0.00026 -0.00015 -0.00015 -0.0001  -0.00015 -0.00021 -0.00015
 -0.00026 -0.0001 ]|,|[-2.1e-04 -2.1e-04 -2.1e-04 -2.1e-04 -1.5e-04 -5.0e-05 -1.5e-04 -2.1e-04
 -5.0e-05 -1.0e-04]|,|[-5.0e-05 -1.0e-04 -2.1e-04 -1.5e-04 -1.0e-04 -2.1e-04 -1.0e-04 -1.5e-04
 -1.5e-04 -1.0e-04]|,|[-1.0e-04 -1.5e-04 -1.5e-04 -1.5e-04 -1.0e-04 -1.5e-04 -5.0e-05 -2.1e-04
 -1.5e-04 -1.5e-04]|,|[-1.0e-04 -1.0e-04 -1.0e-04 -5.0e-05 -2.1e-04 -5.0e-05 -1.0e-04 -2.1e-04
 -5.0e-05 -1.0e-04]|,|[-0.0001  -0.0001  -0.00021 -0.0001  -0.00021 -0.00026 -0.00015 -0.00021
 -0.00015 -0.00015]|,|[-0.00036 -0.00021 -0.00021 -0.00021  0.      -0.0001  -0.00015 -0.00015
 -0.0001  -0.00015]|,|[-0.00021 -0.00015 -0.00015 -0.00021 -0.0001  -0.0001  -0.00026 -0.00021
 -0.0001  -0.00021]|,|[-0.0001  -0.0001  -0.00021 -0.00015 -0.00021 -0.00026 -0.0001  -0.0001
 -0.00021 -0.00015]|,|[-2.1e-04 -2.1e-04 -1.5e-04 -5.0e-05 -2.1e-04 -1.5e-04 -1.5e-04 -1.5e-04
 -1.5e-04 -5.0e-05]|,|[-0.0001  -0.0001  -0.00015 -0.0001  -0.00021 -0.00015 -0.00015 -0.00026
 -0.0001  -0.00015]|,|[-0.0001  -0.00026 -0.00015 -0.00026 -0.00021 -0.0001  -0.00015 -0.00021
 -0.00026 -0.00015]|,|[-2.1e-04 -2.6e-04 -5.0e-05 -1.0e-04 -1.5e-04 -2.1e-04 -2.1e-04 -2.1e-04
 -2.1e-04 -1.5e-04]|,|[-1.0e-04 -5.0e-05 -1.5e-04 -1.0e-04 -2.1e-04 -1.5e-04 -2.1e-04 -5.0e-05
 -2.6e-04 -1.5e-04]|,|[-0.00026 -0.00021 -0.0001  -0.00021 -0.0001   0.      -0.00026 -0.00015
 -0.00015 -0.00015]|,|[-1.0e-04 -1.0e-04 -2.1e-04 -2.1e-04 -2.1e-04 -2.1e-04 -1.0e-04 -1.5e-04
 -5.0e-05 -1.0e-04]|,|[-0.00015 -0.0001  -0.00015 -0.00021 -0.00021 -0.00015 -0.0001  -0.00015
 -0.00021 -0.00015]|,|[-0.00021 -0.0001  -0.00015 -0.0001  -0.00015 -0.00015 -0.0001  -0.00021
 -0.0001  -0.00015]|,|[-0.00015 -0.00021 -0.00015 -0.00021 -0.0001  -0.0001  -0.00021 -0.00021
 -0.00015 -0.00015]|,|[-0.0001  -0.00015 -0.00021 -0.00015 -0.00015 -0.00021 -0.00021 -0.00021
 -0.00021 -0.00015]|,|[-1.5e-04 -1.5e-04 -2.6e-04 -1.5e-04 -1.5e-04 -1.5e-04 -1.0e-04 -5.0e-05
 -2.1e-04 -1.5e-04]|,|[-1.5e-04 -1.5e-04 -1.0e-04 -2.1e-04 -1.5e-04 -1.5e-04 -1.5e-04 -1.0e-04
 -5.0e-05 -1.0e-04]|,|[-1.0e-04 -2.1e-04 -1.5e-04 -2.6e-04 -5.0e-05 -2.6e-04 -2.6e-04 -2.1e-04
 -2.6e-04 -2.6e-04]|,|[-0.0001  -0.00015 -0.00021 -0.00021 -0.00021 -0.00021 -0.00015 -0.00015
 -0.00026 -0.0001 ]|,|[-0.00015 -0.00015 -0.00021 -0.00015 -0.0001  -0.00015 -0.0001  -0.00026
 -0.0001  -0.00031]|,|[-0.00015 -0.00026 -0.00015 -0.00015 -0.00021 -0.00021 -0.00021 -0.00021
 -0.0001  -0.00021]|,|[-0.0001  -0.00015 -0.00015 -0.00021 -0.00015 -0.00015 -0.00031 -0.00026
 -0.00015 -0.00015]|,|[-0.00015 -0.00021 -0.00021 -0.00015 -0.00015 -0.00015 -0.00015 -0.00021
 -0.00021 -0.00026]|,|[-1.5e-04 -3.1e-04 -2.1e-04 -1.5e-04 -1.0e-04 -1.0e-04 -2.1e-04 -2.1e-04
 -5.0e-05 -1.5e-04]|,|[-0.00015 -0.00021 -0.00015 -0.00015 -0.00021 -0.00015 -0.0001  -0.00021
 -0.00026 -0.0001 ]|,|[-0.00026 -0.00021 -0.00015 -0.00021 -0.00015 -0.0001  -0.00021 -0.00021
 -0.00021 -0.00015]|,|[-0.0001  -0.00026 -0.00015 -0.00015 -0.00021 -0.0001  -0.00015 -0.00026
 -0.00026 -0.00015]|,|[-0.00026 -0.00015 -0.00021 -0.00021 -0.00015 -0.00031 -0.00015 -0.00015
 -0.0001  -0.00021]|,|[-0.00021 -0.00021 -0.00015 -0.00015 -0.00021 -0.00021 -0.00021 -0.00026
 -0.00021 -0.00015]|,|[-0.00021 -0.00015 -0.00021 -0.0001  -0.00026 -0.00015 -0.00015 -0.00021
 -0.00026 -0.00015]|,|[-0.00015 -0.00021 -0.00015 -0.00026 -0.0001  -0.0001  -0.00021 -0.00021
 -0.00031 -0.00021]|,|[-0.00031 -0.00026 -0.0001  -0.00031 -0.0001  -0.0001  -0.00021 -0.00026
 -0.00015 -0.00015]|,|[-0.00021 -0.00021 -0.00015 -0.00021 -0.00015 -0.00021 -0.00015 -0.00021
 -0.00026 -0.00015]|,|[-0.00026 -0.00015 -0.00021 -0.00015 -0.0001  -0.00021 -0.0001  -0.0001
 -0.00015 -0.00015]|,|[-2.1e-04 -2.1e-04 -1.5e-04 -2.6e-04 -1.5e-04 -2.1e-04 -2.1e-04 -5.0e-05
 -2.6e-04 -2.6e-04]|,|[-2.6e-04 -2.1e-04 -2.1e-04 -1.5e-04 -1.5e-04 -2.1e-04 -5.0e-05 -2.1e-04
 -1.0e-04 -2.1e-04]|,|[-0.00015 -0.00021 -0.00021 -0.00021 -0.00026 -0.00021 -0.00021 -0.00015
 -0.00021 -0.00021]|,|[-0.00015 -0.00026 -0.00026 -0.00021 -0.00021 -0.00015 -0.00015 -0.00015
 -0.00026 -0.00021]|,|[-2.6e-04 -1.5e-04 -1.5e-04 -2.1e-04 -2.1e-04 -2.1e-04  5.0e-05 -1.5e-04
 -2.6e-04 -2.1e-04]|,|[-0.00026 -0.00021 -0.00026 -0.00015 -0.00015 -0.00021 -0.00021 -0.00015
 -0.00031 -0.00015]|,|[-0.00021 -0.00021 -0.00015 -0.00021 -0.00015 -0.00015 -0.00026 -0.00026
 -0.00015 -0.00021]|,|[-1.5e-04 -2.1e-04 -1.5e-04 -5.0e-05 -3.1e-04 -1.5e-04 -1.5e-04 -2.6e-04
 -2.1e-04 -2.1e-04]|,|[-0.00026 -0.0001  -0.00015  0.      -0.00015 -0.00026 -0.00015 -0.0001
 -0.00015 -0.00021]|,|[-0.00021 -0.00015 -0.00021 -0.00015 -0.00021 -0.00021 -0.00021 -0.0001
 -0.00021 -0.00021]|,|[-0.00015 -0.00021 -0.00015 -0.00015 -0.00021 -0.00015 -0.00021 -0.00021
 -0.00021 -0.00021]|,|[-0.0001  -0.00026 -0.0001  -0.0001  -0.00015 -0.00021 -0.00021 -0.00021
 -0.00015 -0.00026]|,|[-0.00015 -0.00021 -0.00015 -0.00021 -0.00015 -0.0001  -0.00031 -0.00026
 -0.00015 -0.00015]|,|[-0.00015 -0.00015 -0.00015 -0.00015 -0.00015 -0.00015 -0.00031 -0.00015
 -0.0001  -0.00021]|,|[-3.6e-04 -1.5e-04  0.0e+00 -2.1e-04 -2.1e-04 -1.5e-04 -2.1e-04 -2.6e-04
 -5.0e-05 -2.6e-04]|,|[-0.00021 -0.00026 -0.00015 -0.00021 -0.00021 -0.00015 -0.00015 -0.00031
 -0.00015 -0.00015]|,|[-0.00026 -0.00015 -0.00015 -0.00021 -0.0001  -0.00026 -0.00026 -0.0001
 -0.00021 -0.00021]|,|[-0.00021 -0.00021 -0.0001  -0.00021 -0.00015 -0.00015 -0.00026 -0.0001
 -0.00015 -0.00021]|,|[-2.6e-04 -2.1e-04 -1.5e-04 -2.1e-04 -5.0e-05 -2.1e-04 -2.1e-04 -1.5e-04
 -1.5e-04 -2.1e-04]|,|[-0.00026 -0.00021 -0.00015 -0.00026 -0.00015 -0.0001  -0.00015 -0.00021
 -0.00021 -0.00021]|,|[-0.00015 -0.00021 -0.0001  -0.00015 -0.00021 -0.00026 -0.00015 -0.00015
 -0.00015 -0.00026]|,|[-0.00021 -0.00021 -0.00026 -0.00026 -0.00021 -0.00021 -0.00021 -0.00015
 -0.00015 -0.0001 ]|,|[-2.1e-04 -1.5e-04 -2.6e-04 -1.5e-04 -1.5e-04 -2.1e-04 -5.0e-05 -1.0e-04
 -2.6e-04 -2.1e-04]|,|[-0.00021 -0.00021 -0.00026 -0.00021 -0.00026 -0.00026 -0.00015 -0.00015
 -0.00015 -0.0001 ]|,|[-0.00015 -0.00021 -0.00015 -0.00021 -0.00021 -0.00026 -0.00015 -0.00015
 -0.00015 -0.00021]|,|[-0.00021 -0.00026 -0.00021 -0.00015 -0.00021 -0.00021 -0.0001  -0.00021
 -0.00015 -0.00015]|,|[-0.00015 -0.00026 -0.0001  -0.00026 -0.00015 -0.00015 -0.00015 -0.00015
 -0.0001  -0.00026]|,|[-2.1e-04 -1.5e-04 -2.1e-04  5.0e-05 -2.1e-04 -2.1e-04 -2.1e-04 -1.5e-04
 -1.5e-04 -2.1e-04]|,|[-2.1e-04 -1.5e-04 -5.0e-05 -2.1e-04 -2.1e-04 -2.1e-04 -2.1e-04 -2.1e-04
 -3.1e-04 -2.1e-04]|,|[-1.0e-04 -1.5e-04 -2.1e-04 -2.1e-04 -5.0e-05 -1.5e-04 -2.1e-04 -1.5e-04
 -1.0e-04 -2.1e-04]|,|[-0.00026 -0.0001  -0.0001  -0.00031 -0.00015 -0.00015 -0.00021 -0.00015
 -0.00021 -0.00021]|,|[-0.0001  -0.00015 -0.00021 -0.0001  -0.0001  -0.00026 -0.00021 -0.00021
 -0.0001  -0.00015]|,|[-0.0001  -0.00021 -0.00015 -0.00026 -0.00021 -0.00021 -0.00021 -0.00015
 -0.00021 -0.00015]|,|[-0.00026 -0.00031 -0.0001  -0.00026 -0.00026 -0.00015 -0.00015 -0.00021
 -0.0001  -0.00015]|,|[-0.00015 -0.00015 -0.0001  -0.00026 -0.00015 -0.00021 -0.00026 -0.00015
 -0.00021 -0.00021]|,|[-1.5e-04 -5.0e-05 -1.5e-04 -1.5e-04 -1.0e-04 -2.1e-04 -1.5e-04 -1.5e-04
 -2.1e-04 -1.0e-04]|,|[-0.00021 -0.00021 -0.00026 -0.0001  -0.00031 -0.0001  -0.00015 -0.00021
 -0.0001  -0.00015]|,|[-0.00015 -0.00015 -0.00021 -0.00036 -0.0001  -0.00015 -0.00021 -0.00015
 -0.00021 -0.00015]|,|[-0.00015 -0.00021 -0.00026 -0.00015 -0.00021 -0.00015 -0.00015 -0.00021
 -0.00026 -0.0001 ]|,|[-0.0001  -0.00021 -0.00021  0.      -0.00026 -0.00021 -0.00015 -0.00026
 -0.00015 -0.0001 ]|,|[-0.00021 -0.00021 -0.00026 -0.00015 -0.00021 -0.00015 -0.00015 -0.00015
 -0.00015 -0.00021]|,|[-2.6e-04 -2.1e-04 -5.0e-05 -2.1e-04 -1.5e-04 -1.5e-04 -2.1e-04 -2.1e-04
 -2.6e-04 -1.0e-04]|,|[-0.00031 -0.00021 -0.00021 -0.00015 -0.0001  -0.00021 -0.00021 -0.00015
 -0.00015 -0.00031]|,|[-0.00021 -0.00015 -0.00021 -0.0001  -0.00026 -0.0001  -0.00015 -0.00015
 -0.00015 -0.0001 ]|,|[-0.0001  -0.0001  -0.00021 -0.00021 -0.0001  -0.00021 -0.0001  -0.00015
 -0.00026 -0.00021]|,|[-1.5e-04 -2.1e-04 -1.5e-04 -2.1e-04 -2.1e-04 -2.1e-04 -5.0e-05 -1.5e-04
 -1.5e-04 -2.1e-04]|,|[-0.00015 -0.0001  -0.00021 -0.00015 -0.00021 -0.00015 -0.00015 -0.00015
 -0.00026 -0.00026]|,|[-0.00015 -0.00021 -0.00026 -0.00015 -0.00021 -0.00015 -0.00026 -0.00026
 -0.00026 -0.00021]|,|[-0.00015 -0.00021 -0.00021 -0.00021 -0.00021 -0.00015 -0.00021 -0.00026
 -0.00021 -0.00015]|,|[-1.0e-04 -3.1e-04 -2.6e-04 -1.5e-04 -2.1e-04 -2.6e-04 -5.0e-05 -1.0e-04
 -2.6e-04 -2.1e-04]|,|[-0.00026 -0.00015 -0.0001  -0.00021 -0.0001  -0.0001  -0.00021 -0.00015
 -0.00021 -0.00021]|,|[-0.00015 -0.00021 -0.00015 -0.00021 -0.00026 -0.0001  -0.0001  -0.00015
 -0.00015 -0.0001 ]|,|[-0.00021 -0.00015 -0.00026 -0.00021 -0.00015 -0.00015 -0.00041 -0.0001
 -0.00021 -0.00015]|,|[-0.00026 -0.00021 -0.00026 -0.00021 -0.00021 -0.00015 -0.00015 -0.00015
 -0.00031 -0.00015]|,|[-0.00021 -0.00015 -0.00026 -0.00015 -0.00015 -0.00021 -0.00021 -0.00021
 -0.0001  -0.0001 ]|,|[-0.00015 -0.00021 -0.00015 -0.00026 -0.00021 -0.00015 -0.00026 -0.00021
 -0.00021 -0.00031]|,|[-0.00015 -0.0001  -0.00015 -0.0001  -0.00026 -0.00021 -0.00015 -0.00015
 -0.00026 -0.00015]|,|[-0.00021 -0.00026 -0.00015 -0.00026 -0.00021 -0.00021 -0.00015 -0.00031
 -0.00026 -0.00026]|,|[-0.00015 -0.0001  -0.00021 -0.00015 -0.00026 -0.00026 -0.0001  -0.0001
 -0.0001  -0.00021]|,|[-0.00021 -0.00021 -0.00021 -0.00021 -0.00021 -0.0001  -0.00015 -0.00015
 -0.00031 -0.0001 ]|,|[-2.1e-04 -2.1e-04 -5.0e-05 -2.6e-04 -1.0e-04 -1.5e-04 -1.5e-04 -2.1e-04
 -2.1e-04 -2.1e-04]|,|[-1.5e-04 -2.1e-04 -1.0e-04 -1.0e-04 -2.1e-04 -1.5e-04 -5.0e-05 -2.1e-04
 -1.5e-04 -2.1e-04]|,|[-2.6e-04 -5.0e-05 -2.6e-04 -2.1e-04 -2.1e-04 -2.1e-04 -1.5e-04 -2.1e-04
 -1.5e-04 -1.0e-04]|,|[-0.00021 -0.00026 -0.00015 -0.00026 -0.00015 -0.00015 -0.00021 -0.00021
 -0.00015 -0.0001 ]|,|[-0.00026 -0.00015 -0.0001  -0.00015 -0.00026 -0.0001  -0.00021 -0.00021
 -0.0001  -0.00015]|,|[-0.00015 -0.00015 -0.0001  -0.00021 -0.00015 -0.0001  -0.00015 -0.00021
 -0.00026 -0.00021]|,|[-2.1e-04 -2.6e-04 -2.6e-04 -1.5e-04 -2.1e-04 -2.1e-04 -2.1e-04 -1.5e-04
 -2.1e-04 -5.0e-05]|,|[-1.0e-04 -1.0e-04 -2.6e-04 -1.5e-04 -1.5e-04 -1.5e-04 -5.0e-05 -1.5e-04
 -2.6e-04 -1.5e-04]|,|[-0.00015 -0.00021 -0.00026 -0.00026 -0.00015 -0.00015 -0.00021 -0.00026
 -0.00026 -0.00021]|,|[-0.00015 -0.00015 -0.00026 -0.00026 -0.00015 -0.00015 -0.00021 -0.0001
 -0.0001  -0.0001 ]|,|[-0.0001  -0.0001  -0.0001  -0.00021 -0.00021 -0.00015 -0.00015 -0.00015
 -0.00015 -0.00015]|,|[-0.00015 -0.00021 -0.00015 -0.00015 -0.00015 -0.00015 -0.00021 -0.00015
 -0.00021 -0.0001 ]|,|[-0.00021 -0.0001  -0.00021 -0.00015 -0.00021 -0.0001  -0.00026 -0.00015
 -0.00015 -0.00026]|,|[-0.00015 -0.00015 -0.00021 -0.00026 -0.00015 -0.00015 -0.00021 -0.0001
 -0.00015 -0.00021]|,|[-1.5e-04 -1.5e-04 -1.0e-04 -2.1e-04  0.0e+00 -1.0e-04 -5.0e-05 -2.1e-04
 -2.1e-04 -1.5e-04]|,|[-1.0e-04 -1.0e-04 -2.1e-04 -1.5e-04 -1.0e-04 -2.1e-04 -5.0e-05 -1.5e-04
 -5.0e-05 -3.6e-04]|,|[-2.1e-04 -2.1e-04 -1.5e-04 -1.0e-04 -1.0e-04 -2.6e-04 -1.5e-04 -5.0e-05
 -1.5e-04 -2.6e-04]|,|[-1.0e-04 -1.0e-04 -1.5e-04 -1.0e-04 -1.5e-04 -1.5e-04 -1.0e-04 -5.0e-05
 -5.0e-05 -2.1e-04]|,|[-1.0e-04 -1.5e-04 -1.0e-04 -1.0e-04 -2.1e-04 -5.0e-05  0.0e+00 -1.5e-04
 -1.0e-04 -5.0e-05]|,|[-2.1e-04 -1.0e-04 -1.5e-04 -1.0e-04  0.0e+00 -3.1e-04 -1.5e-04 -1.5e-04
 -1.5e-04 -5.0e-05]|,|[-0.00021 -0.00015 -0.0001  -0.0001  -0.00015 -0.0001  -0.00015 -0.00015
 -0.0001  -0.0001 ]|,|[ 0.0e+00 -1.5e-04 -1.0e-04 -1.0e-04 -5.0e-05 -1.5e-04 -1.5e-04 -1.5e-04
 -1.5e-04 -2.1e-04]|,|[-5.0e-05  0.0e+00 -1.5e-04 -1.5e-04 -5.0e-05 -1.0e-04 -1.5e-04 -1.0e-04
 -1.5e-04 -1.5e-04]|,|[-5.0e-05  0.0e+00 -1.0e-04 -1.5e-04 -1.0e-04 -1.0e-04 -5.0e-05  0.0e+00
 -3.1e-04 -5.0e-05]|,|[-5.e-05 -5.e-05 -5.e-05  0.e+00  0.e+00 -1.e-04 -5.e-05  0.e+00 -1.e-04
 -5.e-05]|,|[ 5.e-05 -1.e-04 -1.e-04 -5.e-05 -1.e-04  0.e+00 -5.e-05 -1.e-04 -5.e-05
 -5.e-05]|,|[ 5.e-05 -5.e-05  0.e+00 -1.e-04  0.e+00 -1.e-04  5.e-05  5.e-05  0.e+00
  5.e-05]|,[5.e-05 1.e-04 0.e+00 0.e+00 1.e-04 1.e-04 0.e+00 5.e-05 1.e-04 5.e-05],|[ 1.0e-04 -5.0e-05  5.0e-05  1.0e-04  5.0e-05  1.0e-04  1.0e-04  0.0e+00
  2.1e-04  1.0e-04]|,|[1.0e-04 1.5e-04 1.5e-04 1.5e-04 1.5e-04 1.5e-04 1.0e-04 5.0e-05 1.5e-04
 5.0e-05]|,|[0.00021 0.00026 0.00031 0.00026 0.00026 0.00031 0.00015 0.00021 0.00021
 0.00026]|,|[0.00036 0.00041 0.00031 0.00036 0.00031 0.00026 0.00036 0.00041 0.00046
 0.00031]|,|[0.00051 0.00036 0.00051 0.00046 0.00041 0.00051 0.00046 0.00046 0.00041
 0.00046]|,|[0.00062 0.00067 0.00062 0.00062 0.00067 0.00062 0.00087 0.00062 0.00057
 0.00051]|,|[0.00072 0.00077 0.00067 0.00082 0.00077 0.00062 0.00082 0.00082 0.00077
 0.00077]|,|[0.00093 0.00098 0.00093 0.00093 0.00093 0.00087 0.00098 0.00098 0.00087
 0.00098]|,|[0.00113 0.00113 0.00103 0.00108 0.00118 0.00118 0.00118 0.00108 0.00108
 0.00124]|,|[0.00134 0.00139 0.00139 0.00139 0.00144 0.00139 0.00139 0.00139 0.00134
 0.00144]|,|[0.00154 0.00154 0.00165 0.0016  0.00165 0.0017  0.00165 0.0016  0.0016
 0.00165]|,|[0.0019  0.0019  0.00185 0.00201 0.0019  0.00185 0.00201 0.00196 0.00201
 0.0019 ]|,|[0.00226 0.00221 0.00226 0.00221 0.00226 0.00216 0.00232 0.00221 0.00221
 0.00232]|,|[0.00247 0.00252 0.00262 0.00262 0.00268 0.00257 0.00257 0.00247 0.00252
 0.00273]|,|[0.00283 0.00283 0.00283 0.00304 0.00288 0.00288 0.00283 0.00283 0.00293
 0.00288]|,|[0.0034  0.00319 0.00324 0.00345 0.00329 0.00335 0.00329 0.00335 0.00324
 0.00335]|,|[0.00376 0.00371 0.00386 0.00381 0.00376 0.00381 0.00376 0.00376 0.00381
 0.00376]|,|[0.00412 0.00422 0.00417 0.00422 0.00427 0.00417 0.00417 0.00427 0.00417
 0.00407]|,|[0.00448 0.00448 0.00453 0.00463 0.00458 0.00458 0.00458 0.00458 0.00453
 0.00453]|,|[0.0051  0.00504 0.00494 0.00499 0.00499 0.00499 0.00504 0.00504 0.00504
 0.0051 ]|,|[0.00551 0.00551 0.00546 0.00551 0.00556 0.00551 0.00551 0.00551 0.00546
 0.00551]|,|[0.00587 0.00587 0.00587 0.00597 0.00587 0.00597 0.00576 0.00592 0.00582
 0.00592]|,|[0.00643 0.00648 0.00638 0.00648 0.00643 0.00638 0.00633 0.00638 0.00638
 0.00643]|,|[0.00669 0.00664 0.00669 0.0069  0.00674 0.00679 0.00684 0.00684 0.00679
 0.00674]|,|[0.00726 0.00721 0.00726 0.00731 0.00736 0.00721 0.00731 0.00721 0.00736
 0.00721]|,|[0.00777 0.00762 0.00777 0.00767 0.00762 0.00772 0.00762 0.00782 0.00772
 0.00777]|,|[0.00823 0.00823 0.00798 0.00823 0.00813 0.00829 0.00818 0.00829 0.00829
 0.00829]|,|[0.00854 0.00865 0.0087  0.00854 0.0087  0.0087  0.00859 0.00875 0.00854
 0.0087 ]|,|[0.00916 0.00916 0.00921 0.00921 0.00916 0.00926 0.00916 0.00911 0.00906
 0.00916]|,|[0.00968 0.00957 0.00942 0.00957 0.00962 0.00947 0.00957 0.00962 0.00962
 0.00962]|,|[0.01009 0.01019 0.01014 0.01019 0.01019 0.01014 0.01024 0.01014 0.01014
 0.01024]|,|[0.01076 0.0106  0.0106  0.0107  0.0105  0.01055 0.01055 0.01055 0.01055
 0.01065]|,|[0.01112 0.01117 0.01122 0.01101 0.01107 0.01112 0.01112 0.01117 0.01117
 0.01107]|,|[0.01179 0.01179 0.01173 0.01173 0.01173 0.01168 0.01168 0.01179 0.01168
 0.01168]|,|[0.01215 0.01215 0.01209 0.01215 0.01209 0.01204 0.01204 0.01225 0.0122
 0.01209]|,|[0.01256 0.01281 0.01271 0.01266 0.01276 0.01276 0.01266 0.01271 0.01266
 0.01271]|,|[0.01307 0.01323 0.01318 0.01318 0.01323 0.01312 0.01312 0.01318 0.01297
 0.01312]|,|[0.01374 0.01379 0.01379 0.01374 0.01379 0.01369 0.01374 0.01379 0.01364
 0.01379]|,|[0.0141  0.0142  0.0141  0.0142  0.01426 0.0142  0.01415 0.01426 0.01426
 0.0142 ]|,|[0.01467 0.01467 0.01477 0.01472 0.01467 0.01482 0.01472 0.01477 0.01472
 0.01467]|,|[0.01523 0.01513 0.01523 0.01513 0.01523 0.01534 0.01529 0.01523 0.01523
 0.01518]|,|[0.01575 0.0157  0.0158  0.01575 0.0158  0.01595 0.0158  0.01575 0.0159
 0.0158 ]|,|[0.01626 0.01626 0.01626 0.01611 0.01637 0.01626 0.01631 0.01626 0.01631
 0.01621]|,|[0.01688 0.01678 0.01683 0.01693 0.01667 0.01683 0.01678 0.01678 0.01667
 0.01688]|,|[0.01734 0.01729 0.01714 0.01729 0.01724 0.01719 0.01734 0.01734 0.01729
 0.01729]|,|[0.01791 0.01776 0.01786 0.01786 0.01781 0.01791 0.01781 0.01781 0.01781
 0.01776]|,|[0.01832 0.01822 0.01827 0.01832 0.01827 0.01842 0.01832 0.01827 0.01827
 0.01837]|,|[0.01878 0.01878 0.01894 0.01884 0.01873 0.01884 0.01884 0.01884 0.01873
 0.01878]|,|[0.01956 0.01945 0.0194  0.01935 0.01935 0.0194  0.01951 0.01951 0.01945
 0.01945]|,|[0.01992 0.01992 0.02002 0.01997 0.01992 0.01992 0.01992 0.01981 0.01992
 0.01992]|,|[0.02053 0.02048 0.02053 0.02043 0.02059 0.02048 0.02048 0.02064 0.02053
 0.02038]|,|[0.021   0.021   0.02095 0.02089 0.02105 0.021   0.02084 0.021   0.021
 0.021  ]|,|[0.02162 0.02146 0.02156 0.02131 0.02151 0.02162 0.02156 0.02146 0.02162
 0.02162]|,|[0.02208 0.02198 0.02203 0.02203 0.02203 0.02213 0.02203 0.02203 0.02208
 0.02213]|,|[0.02264 0.02249 0.02264 0.0227  0.02254 0.02264 0.02264 0.02264 0.02259
 0.02259]|,|[0.02321 0.02316 0.02306 0.02316 0.02306 0.023   0.02316 0.02331 0.023
 0.02306]|,|[0.02373 0.02357 0.02383 0.02373 0.02362 0.02373 0.02362 0.02362 0.02367
 0.02373]|,|[0.02414 0.02419 0.02429 0.02409 0.02414 0.02424 0.02403 0.02419 0.02414
 0.02414]|,|[0.02481 0.02481 0.02465 0.02475 0.0247  0.02481 0.0247  0.02475 0.0247
 0.02475]|,|[0.02512 0.02512 0.02517 0.02517 0.02496 0.02527 0.02517 0.02517 0.02522
 0.02512]|,|[0.02594 0.02578 0.02578 0.02594 0.02578 0.02584 0.02584 0.02584 0.02584
 0.02584]|,|[0.02625 0.0263  0.0264  0.0264  0.02635 0.02635 0.0264  0.0263  0.0264
 0.02645]|,|[0.02681 0.02686 0.02681 0.02681 0.02686 0.02686 0.02686 0.02692 0.02692
 0.02681]|,|[0.02748 0.02733 0.02738 0.02748 0.02743 0.02753 0.02748 0.02743 0.02743
 0.02748]|,|[0.02795 0.02779 0.02795 0.02795 0.02795 0.028   0.02795 0.02795 0.02795
 0.02784]|,|[0.02856 0.02846 0.02841 0.02851 0.02851 0.02851 0.02851 0.02846 0.02846
 0.02851]|,|[0.02887 0.02877 0.02897 0.02892 0.02897 0.02887 0.02897 0.02882 0.02892
 0.02897]|,|[0.02964 0.02959 0.02959 0.02959 0.02959 0.02954 0.02959 0.02959 0.0297
 0.0297 ]|,|[0.03006 0.03011 0.03    0.03006 0.03006 0.03006 0.03011 0.03011 0.02995
 0.03   ]|,|[0.03057 0.03057 0.03062 0.03057 0.03067 0.03062 0.03062 0.03047 0.03057
 0.03057]|,|[0.03108 0.03108 0.03108 0.03114 0.03103 0.03103 0.03108 0.03114 0.03114
 0.03114]|,|[0.0317  0.03175 0.03175 0.03165 0.0316  0.03165 0.0317  0.03165 0.0317
 0.0317 ]|,|[0.03211 0.03211 0.03217 0.03222 0.03206 0.03211 0.03217 0.03217 0.03217
 0.03217]|,|[0.03253 0.03242 0.03242 0.03247 0.03258 0.03247 0.03258 0.03247 0.03247
 0.03258]|,|[0.03304 0.03304 0.03299 0.03299 0.03283 0.03289 0.03299 0.03294 0.03294
 0.03304]|,|[0.03345 0.03356 0.03356 0.0335  0.03345 0.03345 0.03356 0.0335  0.0334
 0.03356]|,|[0.03417 0.03417 0.03407 0.03433 0.03412 0.03402 0.03422 0.03412 0.03412
 0.03417]|,|[0.03453 0.03469 0.03464 0.03458 0.03464 0.03458 0.03453 0.03458 0.03469
 0.03458]|,|[0.0351  0.03515 0.0352  0.03515 0.0352  0.03515 0.03515 0.0351  0.0352
 0.03515]|,|[0.03561 0.03556 0.03567 0.03556 0.03551 0.03567 0.03561 0.03556 0.03561
 0.03567]|,|[0.03613 0.03618 0.03623 0.03623 0.03623 0.03623 0.03623 0.03608 0.03613
 0.03628]|,|[0.03664 0.03675 0.03664 0.03664 0.03659 0.03664 0.03659 0.03669 0.03675
 0.03675]|,|[0.03716 0.03721 0.03726 0.03721 0.03731 0.03711 0.03716 0.03731 0.03726
 0.03726]|,|[0.03762 0.03767 0.03767 0.03762 0.03772 0.03762 0.03762 0.03762 0.03767
 0.03762]|,|[0.03824 0.03834 0.03824 0.03824 0.03839 0.03829 0.03814 0.03834 0.03829
 0.03824]|,|[0.03865 0.03875 0.0388  0.03875 0.03875 0.0388  0.03865 0.0387  0.03901
 0.0388 ]|,|[0.03927 0.03937 0.03927 0.03927 0.03927 0.03927 0.03932 0.03937 0.03927
 0.03932]|,|[0.03973 0.03978 0.03978 0.03978 0.03978 0.03973 0.03973 0.03973 0.03973
 0.03978]|,|[0.0403  0.04025 0.0404  0.04035 0.0404  0.04035 0.0403  0.04025 0.04025
 0.0404 ]|,|[0.04097 0.04086 0.04091 0.04091 0.04086 0.04091 0.04086 0.04086 0.04086
 0.04086]|,|[0.04128 0.04128 0.04133 0.04138 0.04133 0.04143 0.04133 0.04148 0.04128
 0.04138]|,|[0.04194 0.042   0.04189 0.04194 0.04194 0.04194 0.04189 0.04174 0.04194
 0.04189]|,|[0.04241 0.04236 0.04241 0.04246 0.04236 0.04236 0.04241 0.04241 0.04251
 0.04241]|,|[0.04292 0.04287 0.04297 0.04297 0.04287 0.04302 0.04297 0.04287 0.04292
 0.04287]|,|[0.04339 0.04344 0.04339 0.04339 0.04344 0.04339 0.04344 0.04333 0.04328
 0.04339]|,|[0.044   0.0439  0.044   0.04395 0.0439  0.04395 0.044   0.0439  0.0439
 0.04395]|,|[0.04441 0.04441 0.04441 0.04447 0.04436 0.04447 0.04447 0.04447 0.04447
 0.04447]|,|[0.04503 0.04498 0.04493 0.04488 0.04498 0.04493 0.04498 0.04498 0.04503
 0.04493]|,|[0.04544 0.04539 0.04539 0.04534 0.04534 0.04539 0.04539 0.04539 0.04539
 0.04544]|,|[0.04601 0.04601 0.04596 0.04601 0.04601 0.04601 0.04596 0.04601 0.04606
 0.04596]|,|[0.04642 0.04642 0.04637 0.04637 0.04647 0.04647 0.04637 0.04637 0.04642
 0.04642]|,|[0.04694 0.04699 0.04699 0.04699 0.04699 0.04694 0.04699 0.04694 0.04704
 0.04699]|,|[0.0474  0.0474  0.04735 0.0474  0.04735 0.04735 0.0473  0.0475  0.0474
 0.04735]|,|[0.04797 0.04797 0.04797 0.04802 0.04791 0.04807 0.04786 0.04786 0.04797
 0.04797]|,|[0.04848 0.04848 0.04848 0.04848 0.04848 0.04848 0.04843 0.04853 0.04853
 0.04838]|,|[0.04894 0.04894 0.04899 0.04894 0.04905 0.04894 0.04879 0.04889 0.04884
 0.04884]|,|[0.04951 0.04951 0.04946 0.04956 0.04941 0.04946 0.04936 0.04951 0.04951
 0.04961]|,|[0.04982 0.04992 0.04997 0.05002 0.04992 0.04992 0.04987 0.04992 0.04992
 0.04992]|,|[0.05049 0.05044 0.05044 0.05044 0.05044 0.05049 0.05049 0.05044 0.05049
 0.05038]|,|[0.051   0.05085 0.0509  0.051   0.05074 0.0509  0.05085 0.0508  0.0509
 0.0509 ]|,|[0.05136 0.05136 0.05147 0.05147 0.05141 0.05152 0.05147 0.05147 0.05152
 0.05152]|,|[0.05183 0.05193 0.05188 0.05188 0.05198 0.05193 0.05183 0.05188 0.05193
 0.05193]|,|[0.05234 0.05234 0.05244 0.05239 0.05234 0.05249 0.05244 0.05234 0.05244
 0.05249]|,|[0.05285 0.0528  0.05275 0.05291 0.0528  0.05285 0.05285 0.0528  0.0528
 0.05285]|
